Reader,EPC,FirstTime,LastTime,BestTime,PeakRSSI (-DB*10),RFPhaseAngle,DopplerFreq (Hz),TagSeenCount,Det,Alg,Err
12,6E1652DF8692B036E201234567333333,141545.95393,141545.95393,141545.95393,630,0,0.00,1,0,,
12,6E1652DF8692B036E201234567333333,141545.95393,141545.96197,141545.96197,620,0,0.00,2,0,,
12,6E1652DF8692B036E201234567333333,141545.95393,141545.96637,141545.96637,610,0,0.00,3,0,,
12,6E1652DF8692B036E201234567333333,141545.95393,141545.97564,141545.97564,570,0,0.00,4,0,,
12,6E1652DF8692B036E201234567333333,141545.95393,141546.01154,141546.01154,630,0,0.00,5,0,,
12,6E1652DF8692B036E201234567333333,141545.95393,141546.02384,141546.02384,600,0,0.00,6,0,,
12,6E1652DF8692B036E201234567333333,141545.95393,141546.03014,141546.03014,580,0,0.00,7,0,,
12,6E1652DF8692B036E201234567333333,141545.95393,141546.04111,141546.04111,570,0,0.00,8,0,,
12,6E1652DF8692B036E201234567333333,141545.95393,141546.04404,141546.04404,550,0,0.00,9,0,,
12,6E1652DF8692B036E201234567333333,141545.95393,141546.05369,141546.05369,550,0,0.00,10,0,,
12,6E1652DF8692B036E201234567333333,141545.95393,141546.05852,141546.05852,520,0,0.00,11,0,,
12,6E1652DF8692B036E201234567333333,141545.95393,141546.07244,141546.07244,490,0,0.00,12,0,,
12,6E1652DF8692B036E201234567333333,141545.95393,141546.07790,141546.07790,490,0,0.00,13,0,,
12,6E1652DF8692B036E201234567333333,141545.95393,141546.08775,141546.08775,460,0,0.00,14,0,,
12,6E1652DF8692B036E201234567333333,141545.95393,141546.09568,141546.09568,450,0,0.00,15,0,,
12,6E1652DF8692B036E201234567333333,141545.95393,141546.10529,141546.10529,460,0,0.00,16,0,,
12,6E1652DF8692B036E201234567333333,141545.95393,141546.10871,141546.10871,450,0,0.00,17,0,,
12,6E1652DF8692B036E201234567333333,141545.95393,141546.11739,141546.11739,460,0,0.00,18,0,,
12,6E1652DF8692B036E201234567333333,141545.95393,141546.12941,141546.12941,490,0,0.00,19,0,,
12,6E1652DF8692B036E201234567333333,141545.95393,141546.13987,141546.13987,520,0,0.00,20,0,,
12,6E1652DF8692B036E201234567333333,141545.95393,141546.14525,141546.14525,550,0,0.00,21,0,,
12,6E1652DF8692B036E201234567333333,141545.95393,141546.16020,141546.16020,580,0,0.00,22,0,,
12,6E1652DF8692B036E201234567333333,141545.95393,141546.16628,141546.16628,560,0,0.00,23,0,,
12,6E1652DF8692B036E201234567333333,141545.95393,141546.17595,141546.17595,580,0,0.00,24,0,,
12,6E1652DF8692B036E201234567333333,141545.95393,141546.18427,141546.18427,590,0,0.00,25,0,,
12,6E1652DF8692B036E201234567333333,141545.95393,141546.20131,141546.20131,540,0,0.00,26,0,,
12,6E1652DF8692B036E201234567333333,141545.95393,141546.21120,141546.21120,530,0,0.00,27,0,,
12,6E1652DF8692B036E201234567333333,141545.95393,141546.22081,141546.22081,540,0,0.00,28,0,,
12,6E1652DF8692B036E201234567333333,141545.95393,141546.23161,141546.23161,520,0,0.00,29,0,,
12,6E1652DF8692B036E201234567333333,141545.95393,141546.24567,141546.24567,520,0,0.00,30,0,,
12,6E1652DF8692B036E201234567333333,141545.95393,141546.25230,141546.25230,520,0,0.00,31,0,,
12,6E1652DF8692B036E201234567333333,141545.95393,141546.26091,141546.26091,490,0,0.00,32,0,,
12,6E1652DF8692B036E201234567333333,141545.95393,141546.27496,141546.27496,420,0,0.00,33,0,,
12,6E1652DF8692B036E201234567333333,141545.95393,141546.28260,141546.28260,400,0,0.00,34,0,,
12,6E1652DF8692B036E201234567333333,141545.95393,141546.29451,141546.29451,350,0,0.00,35,0,,
12,6E1652DF8692B036E201234567333333,141545.95393,141546.30367,141546.30367,350,0,0.00,36,0,,
12,6E1652DF8692B036E201234567333333,141545.95393,141546.31177,141546.31177,320,0,0.00,37,0,,
12,6E1652DF8692B036E201234567333333,141545.95393,141546.32321,141546.32321,330,0,0.00,38,0,,
12,6E1652DF8692B036E201234567333333,141545.95393,141546.33171,141546.33171,340,0,0.00,39,0,,
12,6E1652DF8692B036E201234567333333,141545.95393,141546.34601,141546.34601,330,0,0.00,40,0,,
12,6E1652DF8692B036E201234567333333,141545.95393,141546.35268,141546.35268,320,0,0.00,41,0,,
12,6E1652DF8692B036E201234567333333,141545.95393,141546.36483,141546.36483,350,0,0.00,42,0,,
12,6E1652DF8692B036E201234567333333,141545.95393,141546.37847,141546.37847,370,0,0.00,43,0,,
12,6E1652DF8692B036E201234567333333,141545.95393,141546.39367,141546.39367,370,0,0.00,44,0,,
12,6E1652DF8692B036E201234567333333,141545.95393,141546.39850,141546.39850,370,0,0.00,45,0,,
12,6E1652DF8692B036E201234567333333,141545.95393,141546.41276,141546.41276,370,0,0.00,46,0,,
12,6E1652DF8692B036E201234567333333,141545.95393,141546.42225,141546.42225,370,0,0.00,47,0,,
12,6E1652DF8692B036E201234567333333,141545.95393,141546.43374,141546.43374,360,0,0.00,48,0,,
12,6E1652DF8692B036E201234567333333,141545.95393,141546.44054,141546.44054,350,0,0.00,49,0,,
12,6E1652DF8692B036E201234567333333,141545.95393,141546.45574,141546.45574,310,0,0.00,50,0,,
12,6E1652DF8692B036E201234567333333,141545.95393,141546.46151,141546.46151,300,0,0.00,51,0,,
12,6E1652DF8692B036E201234567333333,141545.95393,141546.47789,141546.47789,290,0,0.00,52,0,,
12,6E1652DF8692B036E201234567333333,141545.95393,141546.48388,141546.48388,300,0,0.00,53,0,,
12,6E1652DF8692B036E201234567333333,141545.95393,141546.49530,141546.49530,310,0,0.00,54,0,,
12,6E1652DF8692B036E201234567333333,141545.95393,141546.50953,141546.50953,300,0,0.00,55,0,,
12,6E1652DF8692B036E201234567333333,141545.95393,141546.52023,141546.52023,310,0,0.00,56,0,,
12,6E1652DF8692B036E201234567333333,141545.95393,141546.52756,141546.52756,310,0,0.00,57,0,,
12,6E1652DF8692B036E201234567333333,141545.95393,141546.53903,141546.53903,350,0,0.00,58,0,,
12,6E1652DF8692B036E201234567333333,141545.95393,141546.55248,141546.55248,390,0,0.00,59,0,,
12,6E1652DF8692B036E201234567333333,141545.95393,141546.56434,141546.56434,420,0,0.00,60,0,,
12,6E1652DF8692B036E201234567333333,141545.95393,141546.56977,141546.56977,440,0,0.00,61,0,,
12,6E1652DF8692B036E201234567333333,141545.95393,141546.58036,141546.58036,410,0,0.00,62,0,,
12,6E1652DF8692B036E201234567333333,141545.95393,141546.59888,141546.59888,390,0,0.00,63,0,,
12,6E1652DF8692B036E201234567333333,141545.95393,141546.60783,141546.60783,380,0,0.00,64,0,,
12,6E1652DF8692B036E201234567333333,141545.95393,141546.61714,141546.61714,370,0,0.00,65,0,,
12,6E1652DF8692B036E201234567333333,141545.95393,141546.62612,141546.62612,400,0,0.00,66,0,,
12,6E1652DF8692B036E201234567333333,141545.95393,141546.64000,141546.64000,430,0,0.00,67,0,,
12,6E1652DF8692B036E201234567333333,141545.95393,141546.64459,141546.64459,450,0,0.00,68,0,,
12,6E1652DF8692B036E201234567333333,141545.95393,141546.65529,141546.65529,490,0,0.00,69,0,,
12,6E1652DF8692B036E201234567333333,141545.95393,141546.66471,141546.66471,530,0,0.00,70,0,,
12,6E1652DF8692B036E201234567333333,141545.95393,141546.67910,141546.67910,570,0,0.00,71,0,,
12,6E1652DF8692B036E201234567333333,141545.95393,141546.68844,141546.68844,540,0,0.00,72,0,,
12,6E1652DF8692B036E201234567333333,141545.95393,141546.69823,141546.69823,530,0,0.00,73,0,,
12,6E1652DF8692B036E201234567333333,141545.95393,141546.70459,141546.70459,550,0,0.00,74,0,,
12,6E1652DF8692B036E201234567333333,141545.95393,141546.71821,141546.71821,530,0,0.00,75,0,,
12,6E1652DF8692B036E201234567333333,141545.95393,141546.72914,141546.72914,550,0,0.00,76,0,,
12,6E1652DF8692B036E201234567333333,141545.95393,141546.73303,141546.73303,550,0,0.00,77,0,,
12,6E1652DF8692B036E201234567333333,141545.95393,141546.74824,141546.74824,550,0,0.00,78,0,,
12,6E1652DF8692B036E201234567333333,141545.95393,141546.75271,141546.75271,550,0,0.00,79,0,,
12,6E1652DF8692B036E201234567333333,141545.95393,141546.76460,141546.76460,550,0,0.00,80,0,,
12,6E1652DF8692B036E201234567333333,141545.95393,141546.77355,141546.77355,560,0,0.00,81,0,,
12,6E1652DF8692B036E201234567333333,141545.95393,141546.78305,141546.78305,550,0,0.00,82,0,,
12,6E1652DF8692B036E201234567333333,141545.95393,141546.79006,141546.79006,550,0,0.00,83,0,,
12,6E1652DF8692B036E201234567333333,141545.95393,141546.80259,141546.80259,570,0,0.00,84,0,,
12,6E1652DF8692B036E201234567333333,141545.95393,141546.81303,141546.81303,570,0,0.00,85,0,,
12,6E1652DF8692B036E201234567333333,141545.95393,141546.81891,141546.81891,560,0,0.00,86,0,,
12,6E1652DF8692B036E201234567333333,141545.95393,141546.82894,141546.82894,550,0,0.00,87,0,,
12,6E1652DF8692B036E201234567333333,141545.95393,141546.84028,141546.84028,550,0,0.00,88,0,,
12,6E1652DF8692B036E201234567333333,141545.95393,141546.84701,141546.84701,550,0,0.00,89,0,,
12,6E1652DF8692B036E201234567333333,141545.95393,141546.85293,141546.85293,580,0,0.00,90,0,,
12,6E1652DF8692B036E201234567333333,141545.95393,141546.86528,141546.86528,620,0,0.00,91,0,,
12,6E1652DF8692B036E201234567333333,141545.95393,141546.87388,141546.87388,660,0,0.00,92,0,,
12,6E1652DF8692B036E201234567333333,141545.95393,141547.67455,141547.67455,670,0,0.00,93,0,,
12,6E1652DF8692B036E201234567333333,141545.95393,141547.68173,141547.68173,680,0,0.00,94,0,,
12,6E1652DF8692B036E201234567333333,141545.95393,141547.68426,141547.68426,670,0,0.00,95,0,,
12,6E1652DF8692B036E201234567333333,141545.95393,141547.69171,141547.69171,660,0,0.00,96,0,,
12,6E1652DF8692B036E201234567333333,141545.95393,141547.69512,141547.69512,660,0,0.00,97,0,,
12,6E1652DF8692B036E201234567333333,141545.95393,141547.70171,141547.70171,660,0,0.00,98,0,,
12,6E1652DF8692B036E201234567333333,141545.95393,141547.70453,141547.70453,670,0,0.00,99,0,,
12,6E1652DF8692B036E201234567333333,141545.95393,141547.71203,141547.71203,660,0,0.00,100,0,,
12,6E1652DF8692B036E201234567333333,141545.95393,141547.71455,141547.71455,660,0,0.00,101,0,,
12,6E1652DF8692B036E201234567333333,141545.95393,141547.72084,141547.72084,660,0,0.00,102,0,,
12,6E1652DF8692B036E201234567333333,141545.95393,141547.72371,141547.72371,670,0,0.00,103,0,,
12,6E1652DF8692B036E201234567333333,141545.95393,141547.73116,141547.73116,670,0,0.00,104,0,,
12,6E1652DF8692B036E201234567333333,141545.95393,141547.73364,141547.73364,670,0,0.00,105,0,,
12,6E1652DF8692B036E201234567333333,141545.95393,141547.74097,141547.74097,650,0,0.00,106,0,,
12,6E1652DF8692B036E201234567333333,141545.95393,141547.74431,141547.74431,650,0,0.00,107,0,,
12,6E1652DF8692B036E201234567333333,141545.95393,141547.75099,141547.75099,670,0,0.00,108,0,,
12,6E1652DF8692B036E201234567333333,141545.95393,141547.75427,141547.75427,670,0,0.00,109,0,,
12,6E1652DF8692B036E201234567333333,141545.95393,141547.76173,141547.76173,650,0,0.00,110,0,,
12,6E1652DF8692B036E201234567333333,141545.95393,141547.76397,141547.76397,650,0,0.00,111,0,,
12,6E1652DF8692B036E201234567333333,141545.95393,141547.77030,141547.77030,670,0,0.00,112,0,,
12,6E1652DF8692B036E201234567333333,141545.95393,141547.77471,141547.77471,670,0,0.00,113,0,,
12,6E1652DF8692B036E201234567333333,141545.95393,141547.78001,141547.78001,670,0,0.00,114,0,,
12,6E1652DF8692B036E201234567333333,141545.95393,141547.78325,141547.78325,670,0,0.00,115,0,,
12,6E1652DF8692B036E201234567333333,141545.95393,141547.78979,141547.78979,650,0,0.00,116,0,,
12,6E1652DF8692B036E201234567333333,141545.95393,141547.79239,141547.79239,670,0,0.00,117,0,,
12,6E1652DF8692B036E201234567333333,141545.95393,141547.79892,141547.79892,670,0,0.00,118,0,,
12,6E1652DF8692B036E201234567333333,141545.95393,141547.80338,141547.80338,660,0,0.00,119,0,,
12,6E1652DF8692B036E201234567333333,141545.95393,141547.80856,141547.80856,670,0,0.00,120,0,,
12,6E1652DF8692B036E201234567333333,141545.95393,141547.81199,141547.81199,670,0,0.00,121,0,,
12,6E1652DF8692B036E201234567333333,141545.95393,141547.82281,141547.82281,660,0,0.00,122,0,,
12,6E1652DF8692B036E201234567333333,141545.95393,141547.82613,141547.82613,670,0,0.00,123,0,,
12,6E1652DF8692B036E201234567333333,141545.95393,141547.83269,141547.83269,680,0,0.00,124,0,,
12,6E1652DF8692B036E201234567333333,141545.95393,141547.83578,141547.83578,660,0,0.00,125,0,,
12,6E1652DF8692B036E201234567333333,141545.95393,141547.84353,141547.84353,660,0,0.00,126,0,,
12,6E1652DF8692B036E201234567333333,141545.95393,141547.84554,141547.84554,650,0,0.00,127,0,,
12,6E1652DF8692B036E201234567333333,141545.95393,141547.85235,141547.85235,670,0,0.00,128,0,,
12,6E1652DF8692B036E201234567333333,141545.95393,141547.85569,141547.85569,660,0,0.00,129,0,,
12,6E1652DF8692B036E201234567333333,141545.95393,141547.86294,141547.86294,660,0,0.00,130,0,,
12,6E1652DF8692B036E201234567333333,141545.95393,141547.86589,141547.86589,670,0,0.00,131,0,,
12,6E1652DF8692B036E201234567333333,141545.95393,141547.87748,141547.87748,660,0,0.00,132,0,,
12,6E1652DF8692B036E201234567333333,141545.95393,141547.88093,141547.88093,670,0,0.00,133,0,,
12,6E1652DF8692B036E201234567333333,141545.95393,141547.88794,141547.88794,660,0,0.00,134,0,,
12,6E1652DF8692B036E201234567333333,141545.95393,141547.89060,141547.89060,660,0,0.00,135,0,,
12,6E1652DF8692B036E201234567333333,141545.95393,141547.89768,141547.89768,670,0,0.00,136,0,,
12,6E1652DF8692B036E201234567333333,141545.95393,141547.90091,141547.90091,660,0,0.00,137,0,,
12,6E1652DF8692B036E201234567333333,141545.95393,141547.90795,141547.90795,660,0,0.00,138,0,,
12,6E1652DF8692B036E201234567333333,141545.95393,141547.91139,141547.91139,680,0,0.00,139,0,,
12,6E1652DF8692B036E201234567333333,141545.95393,141547.91845,141547.91845,680,0,0.00,140,0,,
12,6E1652DF8692B036E201234567333333,141545.95393,141547.92161,141547.92161,680,0,0.00,141,0,,
12,6E1652DF8692B036E201234567333333,141545.95393,141547.92918,141547.92918,660,0,0.00,142,0,,
12,6E1652DF8692B036E201234567333333,141545.95393,141547.93210,141547.93210,660,0,0.00,143,0,,
12,6E1652DF8692B036E201234567333333,141545.95393,141547.93923,141547.93923,670,0,0.00,144,0,,
12,6E1652DF8692B036E201234567333333,141545.95393,141547.94230,141547.94230,670,0,0.00,145,0,,
12,6E1652DF8692B036E201234567333333,141545.95393,141547.94913,141547.94913,670,0,0.00,146,0,,
12,6E1652DF8692B036E201234567333333,141545.95393,141547.95261,141547.95261,670,0,0.00,147,0,,
12,6E1652DF8692B036E201234567333333,141545.95393,141547.95920,141547.95920,660,0,0.00,148,0,,
12,6E1652DF8692B036E201234567333333,141545.95393,141547.96196,141547.96196,660,0,0.00,149,0,,
12,6E1652DF8692B036E201234567333333,141545.95393,141547.96918,141547.96918,660,0,0.00,150,0,,
12,6E1652DF8692B036E201234567333333,141545.95393,141547.97179,141547.97179,660,0,0.00,151,0,,
12,6E1652DF8692B036E201234567333333,141545.95393,141547.97859,141547.97859,670,0,0.00,152,0,,
12,6E1652DF8692B036E201234567333333,141545.95393,141547.98120,141547.98120,660,0,0.00,153,0,,
12,6E1652DF8692B036E201234567333333,141545.95393,141547.98890,141547.98890,670,0,0.00,154,0,,
12,6E1652DF8692B036E201234567333333,141545.95393,141547.99106,141547.99106,660,0,0.00,155,0,,
12,6E1652DF8692B036E201234567333333,141545.95393,141547.99756,141547.99756,680,0,0.00,156,0,,
12,6E1652DF8692B036E201234567333333,141545.95393,141548.00035,141548.00035,680,0,0.00,157,0,,
12,6E1652DF8692B036E201234567333333,141545.95393,141548.00696,141548.00696,680,0,0.00,158,0,,
12,6E1652DF8692B036E201234567333333,141545.95393,141548.00985,141548.00985,680,0,0.00,159,0,,
12,6E1652DF8692B036E201234567333333,141545.95393,141548.01758,141548.01758,670,0,0.00,160,0,,
12,6E1652DF8692B036E201234567333333,141545.95393,141548.02006,141548.02006,680,0,0.00,161,0,,
12,6E1652DF8692B036E201234567333333,141545.95393,141548.02490,141548.02490,660,0,0.00,162,0,,
12,6E1652DF8692B036E201234567333333,141545.95393,141548.03103,141548.03103,640,0,0.00,163,0,,
12,6E1652DF8692B036E201234567333333,141545.95393,141548.03421,141548.03421,640,0,0.00,164,0,,
12,6E1652DF8692B036E201234567333333,141545.95393,141548.04132,141548.04132,640,0,0.00,165,0,,
12,6E1652DF8692B036E201234567333333,141545.95393,141548.04465,141548.04465,660,0,0.00,166,0,,
12,6E1652DF8692B036E201234567333333,141545.95393,141548.05182,141548.05182,640,0,0.00,167,0,,
12,6E1652DF8692B036E201234567333333,141545.95393,141548.05470,141548.05470,640,0,0.00,168,0,,
12,6E1652DF8692B036E201234567333333,141545.95393,141548.06099,141548.06099,640,0,0.00,169,0,,
12,6E1652DF8692B036E201234567333333,141545.95393,141548.06415,141548.06415,660,0,0.00,170,0,,
12,6E1652DF8692B036E201234567333333,141545.95393,141548.07064,141548.07064,660,0,0.00,171,0,,
12,6E1652DF8692B036E201234567333333,141545.95393,141548.07416,141548.07416,640,0,0.00,172,0,,
12,6E1652DF8692B036E201234567333333,141545.95393,141548.08129,141548.08129,660,0,0.00,173,0,,
12,6E1652DF8692B036E201234567333333,141545.95393,141548.08378,141548.08378,660,0,0.00,174,0,,
12,6E1652DF8692B036E201234567333333,141545.95393,141548.09078,141548.09078,660,0,0.00,175,0,,
12,6E1652DF8692B036E201234567333333,141545.95393,141548.09339,141548.09339,640,0,0.00,176,0,,
12,6E1652DF8692B036E201234567333333,141545.95393,141548.10073,141548.10073,660,0,0.00,177,0,,
12,6E1652DF8692B036E201234567333333,141545.95393,141548.10407,141548.10407,670,0,0.00,178,0,,
12,6E1652DF8692B036E201234567333333,141545.95393,141548.11106,141548.11106,660,0,0.00,179,0,,
12,6E1652DF8692B036E201234567333333,141545.95393,141548.11430,141548.11430,670,0,0.00,180,0,,
12,6E1652DF8692B036E201234567333333,141545.95393,141548.12164,141548.12164,670,0,0.00,181,0,,
12,6E1652DF8692B036E201234567333333,141545.95393,141548.12436,141548.12436,670,0,0.00,182,0,,
12,6E1652DF8692B036E201234567333333,141545.95393,141548.13187,141548.13187,650,0,0.00,183,0,,
12,6E1652DF8692B036E201234567333333,141545.95393,141548.13441,141548.13441,670,0,0.00,184,0,,
12,6E1652DF8692B036E201234567333333,141545.95393,141548.14165,141548.14165,650,0,0.00,185,0,,
12,6E1652DF8692B036E201234567333333,141545.95393,141548.14471,141548.14471,670,0,0.00,186,0,,
12,6E1652DF8692B036E201234567333333,141545.95393,141548.14471,141548.14471,670,0,0.00,186,0,,
12,6E1652DF8692B036E201234567333333,141545.95393,141548.14471,141548.14471,670,0,0.00,186,0,Algorithm.QFit
12,6E1652DF8692B036E201234567333333,141545.95393,141548.14471,141548.14471,670,0,0.00,186,0,Algorithm.QFit,Sel
